0.050336 1.1637 0 0.743415 2 32
0.130872 0.488864 0 0.1525 2 39
-0.003356 0.361915 0 0.737992 2 22
-0.057047 -0.172606 0 0.240398 2 5
0.063758 -0.139198 0 0.285723 2 34
-0.057047 -0.125835 0 0.334916 2 47
-0.050336 -0.112472 0 0.349497 2 6
0.050336 -0.112472 0 0.352163 2 33
-0.02349 -0.092428 0 0.359354 2 16
-0.036913 -0.099109 0 0.369004 2 8
-0.030201 0.589087 0 0.705501 2 40
0.036913 -0.099109 0 0.371628 2 30
-0.177852 0.675947 0 0.5341 2 0
0.02349 0.522272 0 0.663605 2 43
-0.050336 0.642539 0 0.652996 2 41
0.010067 0.782851 0 0.539468 2 27
-0.030201 0.829621 0 0.5661 2 15
0.003356 0.275056 0 0.578063 2 54
0.010067 0.221604 0 0.627554 2 26
