0.057047 1.1971 0 0.73175 2 32
0.130872 0.495546 0 0.150589 2 39
0.130872 1.17038 0 0.711316 2 62
-0.057047 -0.172606 0 0.241034 2 5
0.016779 0.281737 0 0.657588 2 26
0.063758 -0.139198 0 0.286845 2 34
-0.057047 -0.125835 0 0.335557 2 47
-0.050336 -0.112472 0 0.35006 2 6
0.050336 -0.112472 0 0.353054 2 33
-0.02349 -0.092428 0 0.35917 2 16
-0.036913 -0.099109 0 0.369295 2 8
0.036913 -0.099109 0 0.372313 2 30
0.02349 0.575724 0 0.656811 2 43
0.077181 0.769488 0 0.441904 2 56
-0.197987 0.655902 0 0.560669 2 0
-0.02349 0.86971 0 0.562475 2 15
0.016779 0.328508 0 0.571356 2 67
-0.003356 0.402004 0 0.598015 2 68
