-0.003356 0.348552 0 0.747071 2 22
0.130872 0.488864 0 0.150637 2 39
0.050336 1.15702 0 0.743995 2 32
-0.02349 0.569042 0 0.714253 2 40
-0.057047 -0.172606 0 0.240296 2 5
0.063758 -0.139198 0 0.285565 2 34
-0.043624 0.629176 0 0.667864 2 41
-0.057047 -0.125835 0 0.334867 2 47
-0.050336 -0.112472 0 0.349487 2 6
0.050336 -0.112472 0 0.352073 2 33
-0.02349 -0.092428 0 0.359511 2 16
-0.036913 -0.099109 0 0.369082 2 8
0.02349 0.51559 0 0.65546 2 43
0.036913 -0.099109 0 0.371582 2 30
-0.177852 0.682628 0 0.527165 2 0
0.010067 0.776169 0 0.541384 2 27
-0.030201 0.82294 0 0.564304 2 15
0.010067 0.214922 0 0.626064 2 26
