-0.003356 0.335189 0 0.747459 2 22
0.130872 0.488864 0 0.149053 2 39
0.050336 1.15702 0 0.744368 2 32
-0.02349 0.562361 0 0.71397 2 40
-0.036913 0.622494 0 0.681536 2 41
-0.057047 -0.172606 0 0.240188 2 5
-0.077181 0.555679 0 0.269336 2 45
0.063758 -0.139198 0 0.285425 2 34
-0.057047 -0.125835 0 0.334805 2 47
0.02349 0.508909 0 0.650349 2 43
-0.050336 -0.112472 0 0.349463 2 6
0.050336 -0.112472 0 0.351984 2 33
-0.02349 -0.092428 0 0.35961 2 16
-0.036913 -0.099109 0 0.369129 2 8
0.036913 -0.099109 0 0.371525 2 30
-0.171141 0.682628 0 0.525444 2 0
0.010067 0.769488 0 0.541683 2 27
-0.030201 0.82294 0 0.562214 2 15
0.010067 0.214922 0 0.619661 2 26
-0.003356 0.268374 0 0.575853 2 51
