0.050336 1.17706 0 0.738482 2 32
0.130872 0.488864 0 0.154316 2 39
0.124161 1.15702 0 0.719466 2 60
-0.057047 -0.172606 0 0.240552 2 5
0.063758 -0.139198 0 0.28612 2 34
-0.057047 -0.125835 0 0.33507 2 47
-0.003356 0.395323 0 0.681072 2 22
-0.050336 -0.112472 0 0.349621 2 6
0.050336 -0.112472 0 0.352445 2 33
-0.02349 -0.092428 0 0.359154 2 16
-0.036913 -0.099109 0 0.368998 2 8
0.036913 -0.099109 0 0.371813 2 30
0.077181 0.756125 0 0.396154 2 56
0.02349 0.548998 0 0.67043 2 43
-0.184564 0.669265 0 0.541811 2 0
-0.030201 0.615813 0 0.666387 2 40
-0.030201 0.842984 0 0.564204 2 15
0.016779 0.255011 0 0.640471 2 26
