-0.003356 0.335189 0 0.748294 2 22
0.043624 1.15033 0 0.744133 2 32
-0.02349 0.555679 0 0.715891 2 40
0.124161 0.482183 0 0.148336 2 39
-0.036913 0.615813 0 0.683749 2 41
0.02349 0.502227 0 0.644897 2 43
0.010067 0.208241 0 0.617866 2 26
-0.057047 -0.172606 0 0.240104 2 5
-0.077181 0.555679 0 0.258752 2 45
0.063758 -0.139198 0 0.285342 2 34
-0.057047 -0.125835 0 0.334763 2 47
-0.050336 -0.112472 0 0.349452 2 6
0.050336 -0.112472 0 0.351917 2 33
-0.02349 -0.092428 0 0.359704 2 16
-0.036913 -0.099109 0 0.369173 2 8
0.036913 -0.099109 0 0.371462 2 30
-0.171141 0.682628 0 0.524381 2 0
0.010067 0.762806 0 0.542874 2 27
-0.030201 0.816258 0 0.562473 2 15
