0.130872 0.488864 0 0.154369 2 39
-0.003356 0.38196 0 0.704279 2 22
0.050336 1.17038 0 0.740748 2 32
-0.057047 -0.172606 0 0.240515 2 5
0.063758 -0.139198 0 0.285961 2 34
-0.057047 -0.125835 0 0.334986 2 47
-0.050336 -0.112472 0 0.349526 2 6
0.050336 -0.112472 0 0.352358 2 33
-0.02349 -0.092428 0 0.359109 2 16
-0.036913 -0.099109 0 0.368915 2 8
-0.030201 0.609131 0 0.679197 2 40
0.036913 -0.099109 0 0.371787 2 30
0.02349 0.535635 0 0.669773 2 43
0.077181 0.756125 0 0.383072 2 56
-0.184564 0.675947 0 0.543097 2 0
0.016779 0.24833 0 0.632463 2 26
-0.030201 0.842984 0 0.565056 2 15
-0.057047 0.662584 0 0.616219 2 41
