0.130872 0.488864 0 0.153758 2 39
0.124161 1.15702 0 0.717474 2 60
-0.057047 -0.172606 0 0.240653 2 5
0.050336 1.17706 0 0.735871 2 32
0.063758 -0.139198 0 0.286247 2 34
0.02349 0.548998 0 0.670175 2 43
-0.057047 -0.125835 0 0.335144 2 47
-0.050336 -0.112472 0 0.349675 2 6
0.050336 -0.112472 0 0.35256 2 33
-0.010067 0.408686 0 0.661016 2 22
-0.02349 -0.092428 0 0.359103 2 16
-0.036913 -0.099109 0 0.369008 2 8
0.036913 -0.099109 0 0.371916 2 30
0.077181 0.762806 0 0.406252 2 56
-0.030201 0.622494 0 0.657794 2 40
-0.191275 0.669265 0 0.552745 2 0
-0.030201 0.849666 0 0.565444 2 15
0.016779 0.261693 0 0.635991 2 26
