0.057047 1.19042 0 0.73426 2 32
0.130872 0.488864 0 0.151953 2 39
0.130872 1.1637 0 0.714206 2 52
0.02349 0.562361 0 0.66951 2 29
-0.057047 -0.172606 0 0.240804 2 5
0.063758 -0.139198 0 0.286439 2 34
-0.057047 -0.125835 0 0.335261 2 6
-0.050336 -0.112472 0 0.349763 2 8
0.050336 -0.112472 0 0.35274 2 33
-0.02349 -0.092428 0 0.359026 2 16
-0.036913 -0.099109 0 0.369033 2 11
0.036913 -0.099109 0 0.372083 2 30
0.077181 0.762806 0 0.419326 2 46
0.02349 0.348552 0 0.511611 2 54
-0.191275 0.662584 0 0.552632 2 0
-0.030201 0.856347 0 0.562271 2 15
-0.003356 0.415367 0 0.621532 2 22
0.016779 0.268374 0 0.640798 2 26
-0.016779 -0.206013 0 0.0 0 18
