0.050336 1.17706 0 0.737389 2 32
0.124161 1.15702 0 0.718682 2 50
0.02349 0.548998 0 0.672886 2 29
0.130872 0.488864 0 0.154136 2 39
-0.030201 0.622494 0 0.659379 2 17
-0.003356 0.402004 0 0.658757 2 22
-0.057047 -0.172606 0 0.240646 2 5
0.063758 -0.139198 0 0.286166 2 34
-0.057047 -0.125835 0 0.335087 2 6
-0.050336 -0.112472 0 0.349599 2 8
0.050336 -0.112472 0 0.352529 2 33
-0.02349 -0.092428 0 0.358993 2 16
-0.036913 -0.099109 0 0.368912 2 11
0.036913 -0.099109 0 0.371926 2 30
0.077181 0.762806 0 0.400789 2 46
0.016779 0.255011 0 0.640647 2 26
-0.191275 0.669265 0 0.551421 2 0
-0.030201 0.849666 0 0.56558 2 15
-0.016779 -0.206013 0 0.0 0 18
