0.050336 1.17038 0 0.739434 2 32
-0.003356 0.388641 0 0.698868 2 22
0.130872 0.488864 0 0.154427 2 39
-0.010067 0.395323 0 0.698631 2 48
-0.057047 -0.172606 0 0.240498 2 5
0.063758 -0.139198 0 0.286004 2 34
-0.057047 -0.125835 0 0.335003 2 6
-0.050336 -0.112472 0 0.349557 2 8
0.050336 -0.112472 0 0.352367 2 33
-0.02349 -0.092428 0 0.359162 2 16
-0.036913 -0.099109 0 0.368959 2 11
-0.030201 0.609131 0 0.676558 2 17
0.036913 -0.099109 0 0.371766 2 30
0.077181 0.756125 0 0.38813 2 46
0.02349 0.542316 0 0.669932 2 29
-0.184564 0.675947 0 0.543086 2 0
0.016779 0.24833 0 0.634302 2 26
-0.030201 0.842984 0 0.566283 2 15
-0.063758 0.669265 0 0.611599 2 14
-0.016779 -0.206013 0 0.0 0 18
