0.03571429 0.00000000 0.00000000 0.00000000 0.00000000 0.00000000 0.00000000 0.00000000 0.00595238 0.00000000 0.00000000 0.00000000 0.00000000 0.00000000
0.00000000 0.03571429 0.00000000 0.00000000 0.00000000 0.00000000 0.00000000 0.00595238 0.00000000 0.00000000 0.00000000 0.00000000 0.00000000 0.00000000
0.00000000 0.00000000 0.00000000 0.00000000 0.03571429 0.00000000 0.00000000 0.00000000 0.00000000 0.00595238 0.00000000 0.00000000 0.00000000 0.00000000
0.00000000 0.00000000 0.00000000 0.00000000 0.00000000 0.03571429 0.00000000 0.00000000 0.00000000 0.00000000 0.00000000 0.00000000 0.00000000 0.00000000
0.00000000 0.00000000 0.00000000 0.00000000 0.00000000 0.00000000 0.00000000 0.02785714 0.00000000 0.00000000 0.00000000 0.00000000 0.01380952 0.00000000
0.00000000 0.00000000 0.00000000 0.00000000 0.00000000 0.00000000 0.00000000 0.00000000 0.00000000 0.00000000 0.00000000 0.03571429 0.00000000 0.00000000
0.00000000 0.00000000 0.00000000 0.00000000 0.00000000 0.00000000 0.00000000 0.00000000 0.00000000 0.02976190 0.00000000 0.00000000 0.00000000 0.01190476
0.00000000 0.00000000 0.00595238 0.00000000 0.00000000 0.00000000 0.03571429 0.00000000 0.00000000 0.00000000 0.00000000 0.00000000 0.00000000 0.00000000
0.00000000 0.00000000 0.00000000 0.01190476 0.00000000 0.00000000 0.00000000 0.00000000 0.02976190 0.00000000 0.00000000 0.00000000 0.00000000 0.00000000
0.00000000 0.00000000 0.00000000 0.00000000 0.00000000 0.00000000 0.00000000 0.00190476 0.00000000 0.00000000 0.03571429 0.00000000 0.00000000 0.00000000
0.00000000 0.00000000 0.00595238 0.00000000 0.00000000 0.00000000 0.00000000 0.00000000 0.00000000 0.00000000 0.00000000 0.00000000 0.00000000 0.02380952
0.00000000 0.00000000 0.00000000 0.00190476 0.00000000 0.00000000 0.00000000 0.00000000 0.00000000 0.00000000 0.00000000 0.00000000 0.02190476 0.00000000
