0.04545455 0.00000000 0.00000000 0.00000000 0.00000000 0.00000000 0.00000000 0.00000000 0.00000000 0.00000000
0.00000000 0.00000000 0.04545455 0.00000000 0.00000000 0.00000000 0.00000000 0.00000000 0.00000000 0.00000000
0.00000000 0.04545455 0.00000000 0.00000000 0.00000000 0.00000000 0.00000000 0.00000000 0.00000000 0.00000000
0.00000000 0.00000000 0.00000000 0.00000000 0.04545455 0.00000000 0.00000000 0.00000000 0.00000000 0.00000000
0.00000000 0.00000000 0.00000000 0.00000000 0.00000000 0.04545455 0.00000000 0.00000000 0.00000000 0.00000000
0.00000000 0.00363636 0.00000000 0.00000000 0.00000000 0.00000000 0.03272727 0.00000000 0.00000000 0.00454545
0.00000000 0.00000000 0.00000000 0.00000000 0.00000000 0.00000000 0.00000000 0.04545455 0.00000000 0.00000000
0.00000000 0.00000000 0.00000000 0.04545455 0.00000000 0.00000000 0.00000000 0.00000000 0.00000000 0.00000000
0.00000000 0.00000000 0.00000000 0.00000000 0.00000000 0.00000000 0.00000000 0.00000000 0.00000000 0.04545455
0.00000000 0.00000000 0.00000000 0.00000000 0.00000000 0.00000000 0.00000000 0.00000000 0.04545455 0.00000000
0.00454545 0.00000000 0.00000000 0.00000000 0.00000000 0.00454545 0.01727273 0.00000000 0.00454545 0.00000000
