441.735992 225.910995 0 12370.0 2 76
0.0 102.413002 0 3255.0 2 134
441.735992 22.0891 0 12290.0 2 170
0.0 147.595001 0 3256.0 2 135
443.73999 21.084999 0 11280.0 2 186
0.0 203.822006 0 4046.0 2 156
0.0 46.186199 0 4052.0 2 154
429.716003 107.432999 0 5414.0 2 123
429.716003 140.567001 0 5459.0 2 121
408.681 137.554993 0 7020.0 2 179
408.681 110.445 0 7032.0 2 177
395.658997 124.501999 0 7066.0 2 93
542.905029 128.518005 0 10290.0 2 35
541.903015 118.477997 0 10340.0 2 12
0.0 71.287498 0 12.03 0 184
