498.830994 127.514 0 11250.0 2 35
499.833008 120.486 0 11260.0 2 12
0.0 189.764999 0 2415.0 2 156
0.0 60.242901 0 2446.0 2 154
0.0 84.340103 0 4230.0 2 134
396.661011 212.858002 0 9447.0 2 76
0.0 165.667999 0 4235.0 2 135
396.661011 35.141701 0 9435.0 2 73
390.651001 137.554993 0 8827.0 2 121
390.651001 110.445 0 8797.0 2 123
371.618988 54.218601 0 8758.0 2 115
371.618988 193.781006 0 8750.0 2 113
365.609009 122.494003 0 6969.0 2 93
362.604004 98.396797 0 6163.0 2 146
362.604004 149.602997 0 6154.0 2 144
575.960022 156.632004 0 5351.0 2 107
575.960022 91.368401 0 5351.0 2 109
360.601013 248.0 0 5343.0 2 151
360.601013 0.0 0 5337.0 2 152
