501.835999 127.514 0 11240.0 2 35
501.835999 120.486 0 11240.0 2 12
0.0 190.768997 0 2500.0 2 156
0.0 59.238899 0 2519.0 2 154
0.0 85.344101 0 4387.0 2 134
0.0 164.664001 0 4395.0 2 135
399.665985 213.862 0 9436.0 2 76
399.665985 34.137699 0 9405.0 2 73
392.653992 137.554993 0 9207.0 2 121
392.653992 110.445 0 9166.0 2 123
373.622986 54.218601 0 8659.0 2 115
373.622986 193.781006 0 8658.0 2 113
406.678009 30.1215 0 8112.0 2 158
367.613007 122.494003 0 6910.0 2 93
363.605988 98.396797 0 6129.0 2 146
363.605988 149.602997 0 6116.0 2 144
578.965027 91.368401 0 5334.0 2 109
578.965027 156.632004 0 5331.0 2 107
362.604004 248.0 0 5328.0 2 151
362.604004 0.0 0 5323.0 2 152
