312.520996 127.514 0 11540.0 2 35
350.584015 162.656006 0 4352.0 2 69
312.520996 120.486 0 11510.0 2 12
276.460999 124.501999 0 10050.0 2 39
278.463989 70.283401 0 7625.0 2 65
278.463989 177.716995 0 7619.0 2 64
321.536011 132.533997 0 7376.0 2 25
321.536011 115.466003 0 7339.0 2 24
267.446014 170.688004 0 6726.0 2 76
310.518005 76.307701 0 5478.0 2 59
310.518005 171.692001 0 5489.0 2 57
267.446014 78.315804 0 6724.0 2 73
266.444 125.505997 0 6525.0 2 77
300.501007 86.348198 0 26.209999 0 78
