514.857971 119.482002 0 10490.0 2 12
0.0 54.218601 0 3197.0 2 154
514.857971 128.518005 0 10470.0 2 35
0.0 195.789001 0 3215.0 2 156
411.686005 216.873993 0 9375.0 2 76
411.686005 31.1255 0 9368.0 2 73
0.0 158.639999 0 4732.0 2 135
405.675995 136.550995 0 9056.0 2 121
405.675995 111.448997 0 8951.0 2 123
417.696014 28.1134 0 8936.0 2 163
0.0 91.368401 0 4736.0 2 134
593.98999 154.623001 0 5048.0 2 107
387.645996 56.2267 0 8342.0 2 115
593.98999 93.376503 0 5049.0 2 109
370.618011 150.606995 0 5848.0 2 144
370.618011 97.3927 0 5854.0 2 146
378.631012 122.494003 0 6706.0 2 93
387.645996 191.772995 0 8303.0 2 113
