496.828003 120.486 0 11320.0 2 12
0.0 61.247002 0 2443.0 2 154
0.0 83.335999 0 4034.0 2 134
0.0 166.671997 0 4040.0 2 135
496.828003 127.514 0 11310.0 2 35
395.658997 212.858002 0 9252.0 2 76
395.658997 35.141701 0 9222.0 2 73
369.615997 54.218601 0 8739.0 2 115
370.618011 193.781006 0 8730.0 2 113
388.64801 137.554993 0 8328.0 2 121
388.64801 110.445 0 8311.0 2 123
402.67099 31.1255 0 8143.0 2 149
363.605988 122.494003 0 7033.0 2 93
361.602997 98.396797 0 6184.0 2 146
361.602997 149.602997 0 6178.0 2 144
568.947998 92.372498 0 5388.0 2 109
568.947998 155.628006 0 5386.0 2 107
359.598999 248.0 0 5331.0 2 151
359.598999 0.0 0 5324.0 2 152
