475.792999 126.510002 0 12080.0 2 35
379.632996 0.0 0 5622.0 2 126
379.632996 40.1619 0 8379.0 2 73
379.632996 207.837997 0 8373.0 2 76
473.790009 120.486 0 11990.0 2 12
355.592987 122.494003 0 7718.0 2 93
372.621002 114.461998 0 7713.0 2 123
372.621002 133.537994 0 7703.0 2 121
355.592987 195.789001 0 7418.0 2 113
355.592987 52.210499 0 7375.0 2 115
379.632996 248.0 0 5625.0 2 129
335.55899 123.498001 0 6837.0 2 77
531.885986 95.384598 0 5801.0 2 109
531.885986 152.615005 0 5795.0 2 107
