519.866028 119.482002 0 10690.0 2 12
519.866028 128.518005 0 10620.0 2 35
0.0 53.2146 0 3470.0 2 154
420.700989 28.1134 0 9516.0 2 73
419.699005 219.886993 0 9507.0 2 76
0.0 196.794006 0 3475.0 2 156
392.653992 56.2267 0 8156.0 2 115
392.653992 191.772995 0 8144.0 2 113
0.0 156.632004 0 4586.0 2 135
0.0 93.376503 0 4594.0 2 134
593.98999 152.615005 0 4786.0 2 107
593.98999 95.384598 0 4789.0 2 109
373.622986 150.606995 0 5713.0 2 144
373.622986 97.3927 0 5730.0 2 146
382.638 122.494003 0 6696.0 2 93
409.683014 111.448997 0 7646.0 2 123
409.683014 136.550995 0 7733.0 2 121
560.934998 179.725006 0 21.629999 0 160
