265.441986 147.595001 0 8465.0 2 25
223.371994 125.505997 0 4367.0 2 39
265.441986 100.404999 0 8461.0 2 24
219.365997 164.664001 0 7944.0 2 5
226.376999 61.247002 0 4508.0 2 7
219.365997 83.335999 0 7942.0 2 1
230.384003 90.364403 0 7820.0 2 34
230.384003 157.636002 0 7818.0 2 33
271.451996 124.501999 0 7619.0 2 12
212.354004 124.501999 0 5366.0 2 3
279.466003 142.574997 0 4559.0 2 35
279.466003 105.425003 0 4559.0 2 36
226.376999 186.753006 0 4508.0 2 8
272.45401 139.563004 0 129.399994 0 30
