288.480988 122.494003 0 10270.0 2 12
297.496002 135.546997 0 5138.0 2 35
288.480988 125.505997 0 10250.0 2 47
297.496002 112.453003 0 5146.0 2 43
249.416 165.667999 0 7853.0 2 33
250.417007 82.332001 0 7844.0 2 34
243.406006 70.283401 0 5565.0 2 1
242.404007 86.348198 0 7804.0 2 55
242.404007 161.651993 0 7802.0 2 50
251.419006 123.498001 0 7600.0 2 39
296.493988 97.3927 0 6021.0 2 24
296.493988 150.606995 0 6006.0 2 25
243.406006 177.716995 0 5565.0 2 5
270.450989 153.619003 0 38.09 0 56
