434.725006 223.903 0 10990.0 2 76
434.725006 24.0972 0 10930.0 2 170
447.746002 150.606995 0 3271.0 2 173
0.0 149.602997 0 3670.0 2 135
0.0 100.404999 0 3676.0 2 134
0.0 48.194302 0 4017.0 2 154
0.0 201.813995 0 4023.0 2 156
424.708008 108.436996 0 5729.0 2 123
424.708008 139.563004 0 5762.0 2 121
393.656006 123.498001 0 7015.0 2 93
407.678986 136.550995 0 7018.0 2 179
407.678986 111.448997 0 7024.0 2 177
535.893005 119.482002 0 10150.0 2 12
534.890991 128.518005 0 10370.0 2 35
0.0 71.287498 0 12.77 0 184
