490.817993 127.514 0 11430.0 2 35
0.0 80.323898 0 3453.0 2 134
490.817993 120.486 0 11400.0 2 12
0.0 169.684006 0 3456.0 2 135
391.653015 211.854004 0 9000.0 2 76
390.651001 37.149799 0 8983.0 2 73
365.609009 194.785004 0 8790.0 2 113
365.609009 53.2146 0 8749.0 2 115
385.643005 133.537994 0 7754.0 2 121
386.644012 114.461998 0 7723.0 2 123
361.602997 122.494003 0 7197.0 2 93
359.598999 98.396797 0 6182.0 2 146
358.597992 149.602997 0 6181.0 2 144
558.932007 93.376503 0 5444.0 2 109
558.932007 154.623001 0 5443.0 2 107
514.857971 68.275299 0 28.66 0 140
