460.768005 126.510002 0 12520.0 2 35
377.628998 105.425003 0 4240.0 2 118
460.768005 121.489998 0 12420.0 2 12
369.615997 204.826004 0 8255.0 2 76
518.86499 153.619003 0 5850.0 2 107
369.615997 43.174099 0 8226.0 2 73
518.86499 94.3806 0 5858.0 2 109
350.584015 122.494003 0 8046.0 2 93
326.544006 123.498001 0 7426.0 2 77
349.583008 194.785004 0 7777.0 2 113
361.602997 134.542999 0 7694.0 2 121
361.602997 113.457001 0 7701.0 2 123
349.583008 53.2146 0 7775.0 2 115
476.795013 73.295502 0 36.689999 0 124
