504.841003 120.486 0 11200.0 2 12
504.841003 127.514 0 11180.0 2 35
0.0 191.772995 0 2618.0 2 156
0.0 58.234798 0 2624.0 2 154
0.0 86.348198 0 4524.0 2 134
400.667999 213.862 0 9594.0 2 76
0.0 163.660004 0 4533.0 2 135
400.667999 34.137699 0 9582.0 2 73
394.65799 137.554993 0 9456.0 2 121
394.65799 110.445 0 9415.0 2 123
376.627991 55.222698 0 8635.0 2 115
376.627991 192.776993 0 8632.0 2 113
409.683014 29.117399 0 7721.0 2 158
368.614014 122.494003 0 6857.0 2 93
364.608002 98.396797 0 6081.0 2 146
364.608002 149.602997 0 6066.0 2 144
582.971985 91.368401 0 5309.0 2 109
582.971985 156.632004 0 5308.0 2 107
