485.809998 127.514 0 11590.0 2 35
485.809998 120.486 0 11570.0 2 12
0.0 70.283401 0 2836.0 2 134
386.644012 38.153801 0 8783.0 2 73
0.0 179.725006 0 2843.0 2 135
386.644012 209.845993 0 8752.0 2 76
362.604004 194.785004 0 8384.0 2 113
362.604004 53.2146 0 8318.0 2 115
381.635986 132.533997 0 7649.0 2 121
381.635986 114.461998 0 7640.0 2 123
359.598999 122.494003 0 7398.0 2 93
548.914978 94.3806 0 5507.0 2 109
551.919983 154.623001 0 5506.0 2 107
387.645996 0.0 0 5376.0 2 126
387.645996 248.0 0 5375.0 2 129
