478.798004 126.510002 0 11960.0 2 35
386.644012 108.436996 0 4331.0 2 131
476.795013 120.486 0 11890.0 2 12
534.890991 152.615005 0 5724.0 2 107
381.635986 208.841995 0 8413.0 2 76
381.635986 39.157902 0 8404.0 2 73
374.623993 132.533997 0 7677.0 2 121
356.593994 122.494003 0 7663.0 2 93
534.890991 95.384598 0 5731.0 2 109
382.638 0.0 0 5832.0 2 126
374.623993 114.461998 0 7659.0 2 123
357.596008 194.785004 0 7557.0 2 113
357.596008 53.2146 0 7513.0 2 115
382.638 248.0 0 5834.0 2 129
337.562988 123.498001 0 6695.0 2 77
