525.875977 119.482002 0 10620.0 2 12
525.875977 128.518005 0 10610.0 2 35
0.0 51.206501 0 3765.0 2 154
426.710999 221.895004 0 9950.0 2 76
0.0 198.802002 0 3768.0 2 156
0.0 153.619003 0 4239.0 2 135
0.0 96.388702 0 4248.0 2 134
425.709991 27.109301 0 9918.0 2 73
593.98999 149.602997 0 4283.0 2 107
428.714996 25.1012 0 9413.0 2 170
596.994995 97.3927 0 4286.0 2 109
378.631012 150.606995 0 5505.0 2 144
415.692993 110.445 0 6510.0 2 123
415.692993 137.554993 0 6554.0 2 121
388.64801 122.494003 0 6782.0 2 93
574.958008 68.275299 0 20.129999 0 169
