442.738007 225.910995 0 12220.0 2 76
443.73999 22.0891 0 12220.0 2 170
0.0 103.417 0 3141.0 2 134
445.743011 21.084999 0 11730.0 2 186
544.90802 118.477997 0 10390.0 2 12
0.0 146.591003 0 3145.0 2 135
0.0 45.182201 0 4041.0 2 154
0.0 204.826004 0 4043.0 2 156
431.720001 107.432999 0 5306.0 2 123
431.720001 140.567001 0 5360.0 2 121
396.661011 124.501999 0 7050.0 2 93
545.909973 128.518005 0 10290.0 2 35
409.683014 137.554993 0 7148.0 2 179
409.683014 110.445 0 7156.0 2 177
0.0 70.283401 0 14.29 0 184
