487.812988 127.514 0 11490.0 2 35
0.0 79.319801 0 3109.0 2 134
0.0 170.688004 0 3123.0 2 135
488.815002 120.486 0 11470.0 2 12
389.648987 37.149799 0 8948.0 2 73
388.64801 210.850006 0 8940.0 2 76
364.608002 194.785004 0 8579.0 2 113
363.605988 53.2146 0 8526.0 2 115
395.658997 33.133598 0 8228.0 2 142
383.639008 133.537994 0 7701.0 2 121
383.639008 114.461998 0 7693.0 2 123
360.601013 122.494003 0 7293.0 2 93
357.596008 149.602997 0 6159.0 2 144
554.924988 93.376503 0 5485.0 2 109
554.924988 154.623001 0 5482.0 2 107
510.851013 68.275299 0 29.639999 0 140
